1000 1000
237 140
531 135
895 806
502 234
917 639
413 618
415 555
672 81
237 167
866 379
418 262
67 227
194 960
165 699
440 21
500 484
449 514
857 455
115 131
551 198
225 465
243 354
859 765
67 98
330 959
45 550
585 997
221 191
748 323
530 461
128 702
480 955
304 486
105 319
269 597
552 817
20 33
4 65
808 654
293 628
270 959
875 140
222 152
114 16
669 973
793 202
870 132
523 11
550 843
195 349
909 64
390 513
385 406
275 1
848 543
497 455
78 308
808 87
567 773
655 133
196 466
735 316
308 751
250 259
996 423
840 818
399 891
662 432
805 46
536 946
151 977
79 642
128 999
518 899
102 884
31 455
714 104
290 710
31 194
376 508
924 814
117 38
526 841
637 386
962 866
352 11
154 714
484 290
763 394
352 396
680 224
756 60
745 699
403 857
71 58
785 582
631 663
784 229
165 516
158 482
512 457
286 466
700 803
812 308
937 463
834 889
968 717
659 81
326 973
718 160
846 959
367 704
102 48
935 153
723 531
630 290
242 937
837 501
510 664
518 126
837 291
235 537
518 279
394 5
216 818
921 359
410 156
473 599
369 914
441 803
7 862
915 348
424 854
37 328
725 383
984 555
635 993
61 276
284 114
211 69
286 140
896 818
291 253
202 998
483 781
41 784
353 866
80 281
43 425
731 583
141 284
612 461
133 850
476 421
166 882
914 336
251 587
229 470
230 574
178 901
23 679
9 283
700 239
25 273
161 187
258 720
359 743
724 441
147 449
431 276
584 830
436 60
262 33
113 654
600 326
544 204
511 943
408 468
310 255
290 870
233 774
704 13
583 363
94 293
813 994
877 63
894 921
319 140
439 54
890 207
144 944
596 461
829 603
749 627
395 781
412 848
840 399
616 416
486 515
842 161
789 666
8 564
247 668
314 103
737 867
289 817
22 229
987 999
347 446
966 963
544 513
589 946
607 636
307 833
635 905
932 876
286 925
296 267
481 341
360 371
245 805
51 240
945 654
355 41
707 279
677 723
659 721
235 384
688 554
169 592
210 816
905 934
607 172
176 128
799 404
455 583
604 555
69 568
787 988
118 4
688 724
85 542
561 110
254 501
899 18
551 135
483 537
452 253
167 481
609 927
760 144
51 34
485 438
589 920
738 138
683 740
650 290
487 691
921 41
639 369
338 489
59 362
243 838
289 61
522 979
421 691
87 48
332 44
176 630
231 156
433 163
666 311
803 115
766 61
488 24
919 213
364 980
973 338
920 899
552 448
566 627
101 735
857 191
427 898
857 168
791 458
20 54
143 758
777 546
190 973
182 325
148 504
777 469
170 649
585 926
220 285
817 853
57 428
548 654
652 315
850 745
931 969
629 605
55 351
890 322
989 322
158 848
68 708
419 141
106 988
751 839
719 705
142 940
771 35
415 903
214 240
143 168
886 351
930 248
174 944
621 546
102 758
306 245
345 689
121 724
18 331
458 832
399 822
788 590
69 687
197 719
352 356
250 546
933 86
36 80
77 133
531 788
92 911
599 354
449 6
162 324
772 958
408 383
287 607
265 618
604 266
145 486
877 396
326 275
455 707
520 98
654 977
694 348
336 778
713 105
346 411
28 550
777 968
379 214
532 751
938 178
685 269
390 663
436 258
378 21
498 284
55 24
297 271
56 916
567 458
363 318
776 377
614 38
4 734
186 605
300 250
820 272
708 538
290 780
821 289
209 913
287 93
139 685
788 795
521 756
837 267
573 981
235 882
90 366
177 287
100 848
65 849
789 595
235 969
813 72
566 770
691 652
330 61
136 378
696 19
638 818
46 621
433 337
814 877
413 103
721 628
790 942
502 66
730 725
879 98
497 999
215 434
881 263
693 167
110 800
214 781
527 780
174 734
967 497
530 45
484 735
387 441
176 587
74 36
755 698
333 820
127 677
157 981
347 702
850 227
337 258
346 784
640 452
173 177
114 368
853 380
429 815
634 869
424 291
151 147
167 44
444 612
341 369
34 779
630 2
237 326
744 10
613 203
195 63
938 189
206 501
942 784
786 2
386 443
436 498
821 886
5 342
383 346
96 798
639 160
868 665
477 925
288 692
148 596
90 566
644 603
12 32
318 282
746 674
629 339
376 719
679 256
168 425
313 901
632 650
587 716
913 950
581 386
214 983
534 278
860 202
312 646
867 734
401 414
904 433
521 978
669 357
563 966
858 316
919 318
284 931
943 316
106 614
900 572
880 387
179 224
833 478
230 863
86 221
46 901
211 129
348 951
866 119
744 449
337 523
813 438
640 776
525 48
529 936
213 974
520 317
729 880
235 370
692 696
546 863
841 34
604 276
632 181
275 910
674 982
350 367
675 283
397 400
70 880
294 665
450 739
347 361
847 541
643 412
763 157
871 103
235 915
809 982
982 342
919 947
59 993
383 79
676 215
822 140
925 721
515 945
249 453
868 301
440 973
771 400
913 476
878 482
372 83
512 217
198 398
514 866
247 455
135 421
828 307
941 201
432 149
869 641
757 971
533 926
157 195
964 916
526 598
210 708
464 596
657 839
522 383
504 84
296 553
634 673
244 535
652 518
944 861
523 542
724 868
544 461
541 137
251 226
688 192
430 883
816 733
875 189
551 289
26 545
536 986
7 322
944 148
402 195
637 919
989 660
93 981
674 781
999 921
806 188
233 194
135 26
788 420
618 300
108 37
190 941
127 541
719 821
921 669
470 846
291 541
583 335
545 897
177 42
655 648
830 454
432 471
174 833
398 851
477 38
604 939
625 771
760 736
839 720
378 584
806 752
947 263
95 321
98 59
448 720
729 43
634 447
302 450
526 37
829 606
286 978
40 122
235 696
967 911
20 215
58 473
355 621
398 672
557 980
899 121
873 658
235 305
420 688
503 953
196 743
210 179
434 94
152 493
184 490
523 865
232 749
455 924
909 936
232 513
276 793
657 647
663 540
81 635
667 437
67 296
829 399
531 688
784 662
122 93
678 487
381 746
146 760
143 424
645 580
698 254
225 688
180 173
78 714
83 660
831 127
879 114
661 609
531 649
675 63
40 914
564 635
933 782
753 605
121 191
523 109
784 505
343 846
207 725
705 57
282 954
572 94
510 288
400 587
555 930
886 689
289 597
386 418
231 364
214 421
597 239
401 867
445 755
243 627
369 231
867 483
556 292
125 192
900 604
992 713
958 517
94 108
93 41
510 895
645 957
846 237
997 488
433 968
685 400
896 469
489 775
299 262
611 120
117 666
927 787
297 311
463 742
451 589
725 824
501 589
1 15
622 419
944 293
142 372
259 274
286 174
436 469
723 973
422 47
469 139
616 306
671 949
798 16
555 894
805 516
772 104
232 783
773 44
147 657
193 734
5 681
446 852
702 486
684 472
505 503
426 162
81 416
380 857
500 513
648 625
216 124
716 8
383 375
746 851
350 386
10 990
198 226
597 528
51 938
410 171
663 993
143 756
754 54
533 780
53 913
779 894
836 531
701 795
705 860
121 694
501 511
847 749
149 513
78 228
428 782
373 518
679 774
256 40
848 650
169 348
994 449
479 660
581 303
676 429
363 365
463 30
516 822
830 905
495 553
945 24
743 934
447 737
93 905
579 555
610 809
6 446
501 343
582 402
229 835
587 735
627 887
332 867
935 465
454 301
618 627
696 28
539 570
940 85
679 173
484 887
710 411
432 855
957 512
844 305
729 95
218 409
301 206
118 518
989 417
756 414
162 764
626 524
15 879
590 836
791 502
220 507
280 910
953 825
593 588
673 491
721 212
123 193
570 861
885 933
389 730
23 407
358 453
725 813
233 9
378 137
121 672
206 152
153 526
18 353
689 151
561 528
539 294
218 592
123 971
9 408
954 925
528 640
90 886
272 766
755 761
713 204
293 574
284 77
203 823
466 159
168 658
610 383
921 40
110 686
455 838
24 86
592 358
643 773
625 414
848 317
678 893
502 686
64 523
6 928
656 401
504 709
791 913
266 986
835 245
703 522
9 17
642 380
264 708
606 373
673 723
708 181
512 358
649 516
254 409
703 161
855 128
940 230
814 394
670 814
947 355
41 262
872 152
31 298
665 322
156 870
479 811
121 536
583 34
437 328
105 121
11 871
812 409
109 637
671 879
779 834
190 312
879 692
134 840
973 117
834 824
373 886
589 422
459 305
139 494
84 266
440 452
646 678
236 661
820 360
85 671
34 612
478 387
671 249
869 805
583 867
424 639
818 120
661 663
575 145
120 311
517 386
685 808
719 484
364 471
496 116
122 384
72 302
760 151
169 183
167 109
300 291
274 542
472 44
820 751
726 711
676 489
89 15
197 312
823 22
202 210
767 814
629 499
102 412
362 584
442 875
63 721
232 416
487 383
225 600
926 713
150 29
723 922
353 276
325 105
965 723
906 865
375 467
773 299
801 308
602 287
508 786
777 20
649 91
71 116
526 195
242 610
295 112
764 106
967 519
69 194
305 39
386 862
136 375
571 111
453 49
553 921
485 256
111 820
